NACA 0012 Airfoil M=0.0% P=0.0% T=12.0%
  1.000000 -0.000000
  0.993844  0.000891
  0.975528  0.003501
  0.945503  0.007651
  0.904508  0.013071
  0.853553  0.019438
  0.793893  0.026405
  0.726995  0.033610
  0.654508  0.040686
  0.578217  0.047242
  0.500000  0.052862
  0.421783  0.057108
  0.345492  0.059557
  0.273005  0.059841
  0.206107  0.057712
  0.146447  0.053083
  0.095492  0.046049
  0.054497  0.036867
  0.024472  0.025893
  0.006156  0.013503
  0.000000  0.000000
  0.006156 -0.013503
  0.024472 -0.025893
  0.054497 -0.036867
  0.095492 -0.046049
  0.146447 -0.053083
  0.206107 -0.057712
  0.273005 -0.059841
  0.345492 -0.059557
  0.421783 -0.057108
  0.500000 -0.052862
  0.578217 -0.047242
  0.654508 -0.040686
  0.726995 -0.033610
  0.793893 -0.026405
  0.853553 -0.019438
  0.904508 -0.013071
  0.945503 -0.007651
  0.975528 -0.003501
  0.993844 -0.000891
  1.000000  0.000000