NACA 0012 Airfoil M=0.0% P=0.0% T=12.0%
  1.000000 -0.000000
  0.999315  0.000100
  0.997261  0.000397
  0.993844  0.000891
  0.989074  0.001577
  0.982963  0.002449
  0.975528  0.003501
  0.966790  0.004725
  0.956773  0.006112
  0.945503  0.007651
  0.933013  0.009332
  0.919335  0.011142
  0.904508  0.013071
  0.888573  0.015105
  0.871572  0.017232
  0.853553  0.019438
  0.834565  0.021712
  0.814660  0.024038
  0.793893  0.026405
  0.772320  0.028798
  0.750000  0.031204
  0.726995  0.033610
  0.703368  0.036002
  0.679184  0.038366
  0.654508  0.040686
  0.629410  0.042949
  0.603956  0.045140
  0.578217  0.047242
  0.552264  0.049241
  0.526168  0.051119
  0.500000  0.052862
  0.473832  0.054451
  0.447736  0.055872
  0.421783  0.057108
  0.396044  0.058144
  0.370590  0.058965
  0.345492  0.059557
  0.320816  0.059907
  0.296632  0.060005
  0.273005  0.059841
  0.250000  0.059407
  0.227680  0.058699
  0.206107  0.057712
  0.185340  0.056446
  0.165435  0.054901
  0.146447  0.053083
  0.128428  0.050995
  0.111427  0.048648
  0.095492  0.046049
  0.080665  0.043210
  0.066987  0.040145
  0.054497  0.036867
  0.043227  0.033389
  0.033210  0.029726
  0.024472  0.025893
  0.017037  0.021904
  0.010926  0.017770
  0.006156  0.013503
  0.002739  0.009114
  0.000685  0.004611
  0.000000  0.000000
  0.000685 -0.004611
  0.002739 -0.009114
  0.006156 -0.013503
  0.010926 -0.017770
  0.017037 -0.021904
  0.024472 -0.025893
  0.033210 -0.029726
  0.043227 -0.033389
  0.054497 -0.036867
  0.066987 -0.040145
  0.080665 -0.043210
  0.095492 -0.046049
  0.111427 -0.048648
  0.128428 -0.050995
  0.146447 -0.053083
  0.165435 -0.054901
  0.185340 -0.056446
  0.206107 -0.057712
  0.227680 -0.058699
  0.250000 -0.059407
  0.273005 -0.059841
  0.296632 -0.060005
  0.320816 -0.059907
  0.345492 -0.059557
  0.370590 -0.058965
  0.396044 -0.058144
  0.421783 -0.057108
  0.447736 -0.055872
  0.473832 -0.054451
  0.500000 -0.052862
  0.526168 -0.051119
  0.552264 -0.049241
  0.578217 -0.047242
  0.603956 -0.045140
  0.629410 -0.042949
  0.654508 -0.040686
  0.679184 -0.038366
  0.703368 -0.036002
  0.726995 -0.033610
  0.750000 -0.031204
  0.772320 -0.028798
  0.793893 -0.026405
  0.814660 -0.024038
  0.834565 -0.021712
  0.853553 -0.019438
  0.871572 -0.017232
  0.888573 -0.015105
  0.904508 -0.013071
  0.919335 -0.011142
  0.933013 -0.009332
  0.945503 -0.007651
  0.956773 -0.006112
  0.966790 -0.004725
  0.975528 -0.003501
  0.982963 -0.002449
  0.989074 -0.001577
  0.993844 -0.000891
  0.997261 -0.000397
  0.999315 -0.000100
  1.000000  0.000000