# NACA 0012 Airfoil M=0.0% P=0.0% T=12.0%
1.000000000000000000e+00 -0.000000000000000000e+00
9.899999999999999911e-01 1.443999999999999971e-03
9.799999999999999822e-01 2.870000000000000155e-03
9.699999999999999734e-01 4.277000000000000419e-03
9.599999999999999645e-01 5.667000000000000162e-03
9.499999999999999556e-01 7.039000000000000118e-03
9.399999999999999467e-01 8.394999999999999685e-03
9.300000000000000488e-01 9.733000000000000332e-03
9.200000000000000400e-01 1.105500000000000059e-02
9.100000000000000311e-01 1.236100000000000046e-02
9.000000000000000222e-01 1.365000000000000067e-02
8.900000000000000133e-01 1.492500000000000077e-02
8.800000000000000044e-01 1.618299999999999947e-02
8.699999999999999956e-01 1.742600000000000052e-02
8.599999999999999867e-01 1.865500000000000144e-02
8.499999999999999778e-01 1.986800000000000024e-02
8.399999999999999689e-01 2.106600000000000139e-02
8.299999999999999600e-01 2.224999999999999895e-02
8.199999999999999512e-01 2.341999999999999985e-02
8.100000000000000533e-01 2.457499999999999962e-02
8.000000000000000444e-01 2.571499999999999828e-02
7.900000000000000355e-01 2.684100000000000028e-02
7.800000000000000266e-01 2.795299999999999868e-02
7.700000000000000178e-01 2.905100000000000043e-02
7.600000000000000089e-01 3.013499999999999859e-02
7.500000000000000000e-01 3.120399999999999910e-02
7.399999999999999911e-01 3.225999999999999701e-02
7.299999999999999822e-01 3.330000000000000321e-02
7.199999999999999734e-01 3.432700000000000334e-02
7.099999999999999645e-01 3.533900000000000236e-02
6.999999999999999556e-01 3.633700000000000124e-02
6.899999999999999467e-01 3.731899999999999801e-02
6.800000000000000488e-01 3.828700000000000159e-02
6.700000000000000400e-01 3.923999999999999710e-02
6.600000000000000311e-01 4.017799999999999844e-02
6.500000000000000222e-01 4.109999999999999765e-02
6.400000000000000133e-01 4.200700000000000267e-02
6.300000000000000044e-01 4.289699999999999763e-02
6.199999999999999956e-01 4.377199999999999841e-02
6.099999999999999867e-01 4.462900000000000200e-02
5.999999999999999778e-01 4.546999999999999653e-02
5.899999999999999689e-01 4.629400000000000182e-02
5.799999999999999600e-01 4.710000000000000298e-02
5.699999999999999512e-01 4.788800000000000001e-02
5.600000000000000533e-01 4.865799999999999986e-02
5.500000000000000444e-01 4.940900000000000153e-02
5.400000000000000355e-01 5.013999999999999707e-02
5.300000000000000266e-01 5.085200000000000137e-02
5.157049999999999690e-01 5.183299999999999713e-02
5.000000000000000000e-01 5.286199999999999927e-02
4.842949999999999755e-01 5.383500000000000091e-02
4.686049999999999938e-01 5.474899999999999906e-02
4.529460000000000153e-01 5.560199999999999865e-02
4.373330000000000273e-01 5.639000000000000262e-02
4.217830000000000190e-01 5.710799999999999904e-02
4.063089999999999757e-01 5.775500000000000078e-02
3.909279999999999977e-01 5.832600000000000284e-02
3.756550000000000167e-01 5.881900000000000323e-02
3.605039999999999911e-01 5.922999999999999793e-02
3.454920000000000213e-01 5.955699999999999883e-02
3.306310000000000082e-01 5.979700000000000293e-02
3.159379999999999966e-01 5.994700000000000029e-02
3.014260000000000272e-01 6.000599999999999684e-02
2.871099999999999763e-01 5.997099999999999653e-02
2.730049999999999977e-01 5.984099999999999836e-02
2.591229999999999922e-01 5.961400000000000032e-02
2.454790000000000028e-01 5.928800000000000042e-02
2.320869999999999878e-01 5.886299999999999866e-02
2.189580000000000137e-01 5.833800000000000097e-02
2.061070000000000124e-01 5.771199999999999941e-02
1.935459999999999958e-01 5.698600000000000193e-02
1.812880000000000047e-01 5.615900000000000059e-02
1.693439999999999945e-01 5.523200000000000331e-02
1.577260000000000051e-01 5.420599999999999724e-02
1.464469999999999938e-01 5.308299999999999824e-02
1.355159999999999976e-01 5.186199999999999838e-02
1.249439999999999995e-01 5.054600000000000065e-02
1.147429999999999978e-01 4.913800000000000112e-02
1.049220000000000014e-01 4.763799999999999979e-02
9.549199999999999355e-02 4.604899999999999965e-02
8.645999999999999519e-02 4.437399999999999678e-02
7.783600000000000241e-02 4.261500000000000010e-02
6.962899999999999645e-02 4.077599999999999975e-02
6.184699999999999920e-02 3.885899999999999771e-02
5.449699999999999683e-02 3.686699999999999700e-02
4.758600000000000330e-02 3.480300000000000060e-02
4.112299999999999983e-02 3.267099999999999865e-02
3.511199999999999738e-02 3.047300000000000009e-02
2.955999999999999947e-02 2.821299999999999850e-02
2.447200000000000070e-02 2.589299999999999935e-02
1.985299999999999912e-02 2.351699999999999971e-02
1.570799999999999974e-02 2.108799999999999911e-02
1.204200000000000062e-02 1.860699999999999854e-02
8.855999999999999289e-03 1.607799999999999854e-02
6.156000000000000014e-03 1.350299999999999938e-02
3.943000000000000324e-03 1.088399999999999958e-02
2.219000000000000052e-03 8.222999999999999407e-03
9.870000000000000301e-04 5.520999999999999866e-03
2.469999999999999865e-04 2.778999999999999786e-03
0.000000000000000000e+00 0.000000000000000000e+00
2.469999999999999865e-04 -2.778999999999999786e-03
9.870000000000000301e-04 -5.520999999999999866e-03
2.219000000000000052e-03 -8.222999999999999407e-03
3.943000000000000324e-03 -1.088399999999999958e-02
6.156000000000000014e-03 -1.350299999999999938e-02
8.855999999999999289e-03 -1.607799999999999854e-02
1.204200000000000062e-02 -1.860699999999999854e-02
1.570799999999999974e-02 -2.108799999999999911e-02
1.985299999999999912e-02 -2.351699999999999971e-02
2.447200000000000070e-02 -2.589299999999999935e-02
2.955999999999999947e-02 -2.821299999999999850e-02
3.511199999999999738e-02 -3.047300000000000009e-02
4.112299999999999983e-02 -3.267099999999999865e-02
4.758600000000000330e-02 -3.480300000000000060e-02
5.449699999999999683e-02 -3.686699999999999700e-02
6.184699999999999920e-02 -3.885899999999999771e-02
6.962899999999999645e-02 -4.077599999999999975e-02
7.783600000000000241e-02 -4.261500000000000010e-02
8.645999999999999519e-02 -4.437399999999999678e-02
9.549199999999999355e-02 -4.604899999999999965e-02
1.049220000000000014e-01 -4.763799999999999979e-02
1.147429999999999978e-01 -4.913800000000000112e-02
1.249439999999999995e-01 -5.054600000000000065e-02
1.355159999999999976e-01 -5.186199999999999838e-02
1.464469999999999938e-01 -5.308299999999999824e-02
1.577260000000000051e-01 -5.420599999999999724e-02
1.693439999999999945e-01 -5.523200000000000331e-02
1.812880000000000047e-01 -5.615900000000000059e-02
1.935459999999999958e-01 -5.698600000000000193e-02
2.061070000000000124e-01 -5.771199999999999941e-02
2.189580000000000137e-01 -5.833800000000000097e-02
2.320869999999999878e-01 -5.886299999999999866e-02
2.454790000000000028e-01 -5.928800000000000042e-02
2.591229999999999922e-01 -5.961400000000000032e-02
2.730049999999999977e-01 -5.984099999999999836e-02
2.871099999999999763e-01 -5.997099999999999653e-02
3.014260000000000272e-01 -6.000599999999999684e-02
3.159379999999999966e-01 -5.994700000000000029e-02
3.306310000000000082e-01 -5.979700000000000293e-02
3.454920000000000213e-01 -5.955699999999999883e-02
3.605039999999999911e-01 -5.922999999999999793e-02
3.756550000000000167e-01 -5.881900000000000323e-02
3.909279999999999977e-01 -5.832600000000000284e-02
4.063089999999999757e-01 -5.775500000000000078e-02
4.217830000000000190e-01 -5.710799999999999904e-02
4.373330000000000273e-01 -5.639000000000000262e-02
4.529460000000000153e-01 -5.560199999999999865e-02
4.686049999999999938e-01 -5.474899999999999906e-02
4.842949999999999755e-01 -5.383500000000000091e-02
5.000000000000000000e-01 -5.286199999999999927e-02
5.157049999999999690e-01 -5.183299999999999713e-02
5.300000000000000266e-01 -5.085200000000000137e-02
5.400000000000000355e-01 -5.013999999999999707e-02
5.500000000000000444e-01 -4.940900000000000153e-02
5.600000000000000533e-01 -4.865799999999999986e-02
5.699999999999999512e-01 -4.788800000000000001e-02
5.799999999999999600e-01 -4.710000000000000298e-02
5.899999999999999689e-01 -4.629400000000000182e-02
5.999999999999999778e-01 -4.546999999999999653e-02
6.099999999999999867e-01 -4.462900000000000200e-02
6.199999999999999956e-01 -4.377199999999999841e-02
6.300000000000000044e-01 -4.289699999999999763e-02
6.400000000000000133e-01 -4.200700000000000267e-02
6.500000000000000222e-01 -4.109999999999999765e-02
6.600000000000000311e-01 -4.017799999999999844e-02
6.700000000000000400e-01 -3.923999999999999710e-02
6.800000000000000488e-01 -3.828700000000000159e-02
6.899999999999999467e-01 -3.731899999999999801e-02
6.999999999999999556e-01 -3.633700000000000124e-02
7.099999999999999645e-01 -3.533900000000000236e-02
7.199999999999999734e-01 -3.432700000000000334e-02
7.299999999999999822e-01 -3.330000000000000321e-02
7.399999999999999911e-01 -3.225999999999999701e-02
7.500000000000000000e-01 -3.120399999999999910e-02
7.600000000000000089e-01 -3.013499999999999859e-02
7.700000000000000178e-01 -2.905100000000000043e-02
7.800000000000000266e-01 -2.795299999999999868e-02
7.900000000000000355e-01 -2.684100000000000028e-02
8.000000000000000444e-01 -2.571499999999999828e-02
8.100000000000000533e-01 -2.457499999999999962e-02
8.199999999999999512e-01 -2.341999999999999985e-02
8.299999999999999600e-01 -2.224999999999999895e-02
8.399999999999999689e-01 -2.106600000000000139e-02
8.499999999999999778e-01 -1.986800000000000024e-02
8.599999999999999867e-01 -1.865500000000000144e-02
8.699999999999999956e-01 -1.742600000000000052e-02
8.800000000000000044e-01 -1.618299999999999947e-02
8.900000000000000133e-01 -1.492500000000000077e-02
9.000000000000000222e-01 -1.365000000000000067e-02
9.100000000000000311e-01 -1.236100000000000046e-02
9.200000000000000400e-01 -1.105500000000000059e-02
9.300000000000000488e-01 -9.733000000000000332e-03
9.399999999999999467e-01 -8.394999999999999685e-03
9.499999999999999556e-01 -7.039000000000000118e-03
9.599999999999999645e-01 -5.667000000000000162e-03
9.699999999999999734e-01 -4.277000000000000419e-03
9.799999999999999822e-01 -2.870000000000000155e-03
9.899999999999999911e-01 -1.443999999999999971e-03
1.000000000000000000e+00 0.000000000000000000e+00