NACA 0012 Airfoil M=0.0% P=0.0% T=12.0%
  1.000000 -0.000000
  0.975528  0.003501
  0.904508  0.013071
  0.793893  0.026405
  0.654508  0.040686
  0.500000  0.052862
  0.345492  0.059557
  0.206107  0.057712
  0.095492  0.046049
  0.024472  0.025893
  0.000000  0.000000
  0.024472 -0.025893
  0.095492 -0.046049
  0.206107 -0.057712
  0.345492 -0.059557
  0.500000 -0.052862
  0.654508 -0.040686
  0.793893 -0.026405
  0.904508 -0.013071
  0.975528 -0.003501
  1.000000  0.000000