NACA 0012 Airfoil M=0.0% P=0.0% T=12.0%
  1.000000 -0.000000
  1.000000  0.001260
  0.986667  0.003115
  0.973333  0.004941
  0.960000  0.006737
  0.946667  0.008505
  0.933333  0.010245
  0.920000  0.011958
  0.906667  0.013644
  0.893333  0.015304
  0.880000  0.016939
  0.866667  0.018548
  0.853333  0.020133
  0.840000  0.021694
  0.826667  0.023230
  0.813333  0.024743
  0.800000  0.026231
  0.786667  0.027696
  0.773333  0.029138
  0.760000  0.030555
  0.746667  0.031949
  0.733333  0.033319
  0.720000  0.034666
  0.706667  0.035987
  0.693333  0.037285
  0.680000  0.038557
  0.666667  0.039803
  0.653333  0.041024
  0.640000  0.042218
  0.626667  0.043385
  0.613333  0.044524
  0.600000  0.045634
  0.586667  0.046714
  0.573333  0.047764
  0.560000  0.048782
  0.546667  0.049767
  0.533333  0.050719
  0.520000  0.051635
  0.506667  0.052515
  0.493333  0.053356
  0.480000  0.054158
  0.466667  0.054918
  0.453333  0.055635
  0.440000  0.056307
  0.426667  0.056932
  0.413333  0.057507
  0.400000  0.058030
  0.386667  0.058499
  0.373333  0.058911
  0.360000  0.059263
  0.346667  0.059552
  0.333333  0.059775
  0.320000  0.059928
  0.306667  0.060007
  0.293333  0.060008
  0.280000  0.059926
  0.266667  0.059756
  0.253333  0.059493
  0.240000  0.059131
  0.226667  0.058663
  0.213333  0.058080
  0.200000  0.057375
  0.186667  0.056538
  0.173333  0.055557
  0.160000  0.054418
  0.146667  0.053106
  0.133333  0.051602
  0.120000  0.049882
  0.106667  0.047915
  0.093333  0.045663
  0.080000  0.043072
  0.066667  0.040067
  0.053333  0.036533
  0.040000  0.032277
  0.026667  0.026927
  0.013333  0.019525
  0.000000  0.000000
  0.013333 -0.019525
  0.026667 -0.026927
  0.040000 -0.032277
  0.053333 -0.036533
  0.066667 -0.040067
  0.080000 -0.043072
  0.093333 -0.045663
  0.106667 -0.047915
  0.120000 -0.049882
  0.133333 -0.051602
  0.146667 -0.053106
  0.160000 -0.054418
  0.173333 -0.055557
  0.186667 -0.056538
  0.200000 -0.057375
  0.213333 -0.058080
  0.226667 -0.058663
  0.240000 -0.059131
  0.253333 -0.059493
  0.266667 -0.059756
  0.280000 -0.059926
  0.293333 -0.060008
  0.306667 -0.060007
  0.320000 -0.059928
  0.333333 -0.059775
  0.346667 -0.059552
  0.360000 -0.059263
  0.373333 -0.058911
  0.386667 -0.058499
  0.400000 -0.058030
  0.413333 -0.057507
  0.426667 -0.056932
  0.440000 -0.056307
  0.453333 -0.055635
  0.466667 -0.054918
  0.480000 -0.054158
  0.493333 -0.053356
  0.506667 -0.052515
  0.520000 -0.051635
  0.533333 -0.050719
  0.546667 -0.049767
  0.560000 -0.048782
  0.573333 -0.047764
  0.586667 -0.046714
  0.600000 -0.045634
  0.613333 -0.044524
  0.626667 -0.043385
  0.640000 -0.042218
  0.653333 -0.041024
  0.666667 -0.039803
  0.680000 -0.038557
  0.693333 -0.037285
  0.706667 -0.035987
  0.720000 -0.034666
  0.733333 -0.033319
  0.746667 -0.031949
  0.760000 -0.030555
  0.773333 -0.029138
  0.786667 -0.027696
  0.800000 -0.026231
  0.813333 -0.024743
  0.826667 -0.023230
  0.840000 -0.021694
  0.853333 -0.020133
  0.866667 -0.018548
  0.880000 -0.016939
  0.893333 -0.015304
  0.906667 -0.013644
  0.920000 -0.011958
  0.933333 -0.010245
  0.946667 -0.008505
  0.960000 -0.006737
  0.973333 -0.004941
  0.986667 -0.003115
  1.000000 -0.001260
  1.000000  0.000000