NACA 0012 Airfoil M=0.0% P=0.0% T=12.0%
  1.000000 -0.000000
  0.990000  0.001444
  0.980000  0.002870
  0.970000  0.004277
  0.960000  0.005667
  0.950000  0.007039
  0.940000  0.008395
  0.930000  0.009733
  0.920000  0.011055
  0.910000  0.012361
  0.900000  0.013650
  0.890000  0.014925
  0.880000  0.016183
  0.870000  0.017426
  0.860000  0.018655
  0.850000  0.019868
  0.840000  0.021066
  0.830000  0.022250
  0.820000  0.023420
  0.810000  0.024575
  0.800000  0.025715
  0.790000  0.026841
  0.780000  0.027953
  0.770000  0.029051
  0.760000  0.030135
  0.750000  0.031204
  0.740000  0.032260
  0.730000  0.033300
  0.720000  0.034327
  0.710000  0.035339
  0.700000  0.036337
  0.690000  0.037319
  0.680000  0.038287
  0.670000  0.039240
  0.660000  0.040178
  0.650000  0.041100
  0.640000  0.042007
  0.630000  0.042897
  0.620000  0.043772
  0.610000  0.044629
  0.600000  0.045470
  0.590000  0.046294
  0.580000  0.047100
  0.570000  0.047888
  0.560000  0.048658
  0.550000  0.049409
  0.540000  0.050140
  0.530000  0.050852
  0.520000  0.051543
  0.510000  0.052213
  0.500000  0.052862
  0.490000  0.053488
  0.480000  0.054091
  0.470000  0.054670
  0.460000  0.055226
  0.450000  0.055756
  0.440000  0.056260
  0.430000  0.056737
  0.420000  0.057186
  0.410000  0.057607
  0.400000  0.057998
  0.390000  0.058358
  0.380000  0.058686
  0.370000  0.058981
  0.360000  0.059242
  0.350000  0.059467
  0.340000  0.059655
  0.330000  0.059805
  0.320000  0.059915
  0.310000  0.059983
  0.300000  0.060007
  0.290000  0.059986
  0.280000  0.059918
  0.270000  0.059800
  0.260000  0.059631
  0.250000  0.059408
  0.240000  0.059127
  0.230000  0.058787
  0.220000  0.058383
  0.210000  0.057914
  0.200000  0.057373
  0.190000  0.056759
  0.180000  0.056065
  0.170000  0.055286
  0.160000  0.054417
  0.150000  0.053451
  0.140000  0.052379
  0.130000  0.051193
  0.120000  0.049882
  0.110000  0.048432
  0.100000  0.046828
  0.090000  0.045049
  0.080000  0.043072
  0.070000  0.040863
  0.060000  0.038376
  0.050000  0.035547
  0.040000  0.032277
  0.030000  0.028401
  0.020000  0.023598
  0.010000  0.017037
  0.000000  0.000000
  0.010000 -0.017037
  0.020000 -0.023598
  0.030000 -0.028401
  0.040000 -0.032277
  0.050000 -0.035547
  0.060000 -0.038376
  0.070000 -0.040863
  0.080000 -0.043072
  0.090000 -0.045049
  0.100000 -0.046828
  0.110000 -0.048432
  0.120000 -0.049882
  0.130000 -0.051193
  0.140000 -0.052379
  0.150000 -0.053451
  0.160000 -0.054417
  0.170000 -0.055286
  0.180000 -0.056065
  0.190000 -0.056759
  0.200000 -0.057373
  0.210000 -0.057914
  0.220000 -0.058383
  0.230000 -0.058787
  0.240000 -0.059127
  0.250000 -0.059408
  0.260000 -0.059631
  0.270000 -0.059800
  0.280000 -0.059918
  0.290000 -0.059986
  0.300000 -0.060007
  0.310000 -0.059983
  0.320000 -0.059915
  0.330000 -0.059805
  0.340000 -0.059655
  0.350000 -0.059467
  0.360000 -0.059242
  0.370000 -0.058981
  0.380000 -0.058686
  0.390000 -0.058358
  0.400000 -0.057998
  0.410000 -0.057607
  0.420000 -0.057186
  0.430000 -0.056737
  0.440000 -0.056260
  0.450000 -0.055756
  0.460000 -0.055226
  0.470000 -0.054670
  0.480000 -0.054091
  0.490000 -0.053488
  0.500000 -0.052862
  0.510000 -0.052213
  0.520000 -0.051543
  0.530000 -0.050852
  0.540000 -0.050140
  0.550000 -0.049409
  0.560000 -0.048658
  0.570000 -0.047888
  0.580000 -0.047100
  0.590000 -0.046294
  0.600000 -0.045470
  0.610000 -0.044629
  0.620000 -0.043772
  0.630000 -0.042897
  0.640000 -0.042007
  0.650000 -0.041100
  0.660000 -0.040178
  0.670000 -0.039240
  0.680000 -0.038287
  0.690000 -0.037319
  0.700000 -0.036337
  0.710000 -0.035339
  0.720000 -0.034327
  0.730000 -0.033300
  0.740000 -0.032260
  0.750000 -0.031204
  0.760000 -0.030135
  0.770000 -0.029051
  0.780000 -0.027953
  0.790000 -0.026841
  0.800000 -0.025715
  0.810000 -0.024575
  0.820000 -0.023420
  0.830000 -0.022250
  0.840000 -0.021066
  0.850000 -0.019868
  0.860000 -0.018655
  0.870000 -0.017426
  0.880000 -0.016183
  0.890000 -0.014925
  0.900000 -0.013650
  0.910000 -0.012361
  0.920000 -0.011055
  0.930000 -0.009733
  0.940000 -0.008395
  0.950000 -0.007039
  0.960000 -0.005667
  0.970000 -0.004277
  0.980000 -0.002870
  0.990000 -0.001444
  1.000000  0.000000