NACA 0012 Airfoil M=0.0% P=0.0% T=12.0%
  1.000000 -0.000000
  0.999615  0.000056
  0.998459  0.000224
  0.996534  0.000503
  0.993844  0.000891
  0.990393  0.001388
  0.986185  0.001990
  0.981228  0.002696
  0.975528  0.003501
  0.969096  0.004404
  0.961940  0.005399
  0.954072  0.006483
  0.945503  0.007651
  0.936248  0.008899
  0.926320  0.010221
  0.915735  0.011614
  0.904508  0.013071
  0.892658  0.014587
  0.880203  0.016158
  0.867161  0.017777
  0.853553  0.019438
  0.839400  0.021138
  0.824724  0.022869
  0.809547  0.024626
  0.793893  0.026405
  0.777785  0.028198
  0.761249  0.030000
  0.744311  0.031806
  0.726995  0.033610
  0.709330  0.035406
  0.691342  0.037188
  0.673059  0.038950
  0.654508  0.040686
  0.635720  0.042390
  0.616723  0.044055
  0.597545  0.045674
  0.578217  0.047242
  0.558769  0.048752
  0.539230  0.050196
  0.519630  0.051568
  0.500000  0.052862
  0.480370  0.054069
  0.460770  0.055184
  0.441231  0.056199
  0.421783  0.057108
  0.402455  0.057905
  0.383277  0.058582
  0.364280  0.059135
  0.345492  0.059557
  0.326941  0.059843
  0.308658  0.059988
  0.290670  0.059989
  0.273005  0.059841
  0.255689  0.059542
  0.238751  0.059088
  0.222215  0.058478
  0.206107  0.057712
  0.190453  0.056788
  0.175276  0.055708
  0.160600  0.054472
  0.146447  0.053083
  0.132839  0.051542
  0.119797  0.049854
  0.107342  0.048021
  0.095492  0.046049
  0.084265  0.043942
  0.073680  0.041705
  0.063752  0.039345
  0.054497  0.036867
  0.045928  0.034276
  0.038060  0.031580
  0.030904  0.028783
  0.024472  0.025893
  0.018772  0.022915
  0.013815  0.019854
  0.009607  0.016715
  0.006156  0.013503
  0.003466  0.010223
  0.001541  0.006877
  0.000385  0.003468
  0.000000  0.000000
  0.000385 -0.003468
  0.001541 -0.006877
  0.003466 -0.010223
  0.006156 -0.013503
  0.009607 -0.016715
  0.013815 -0.019854
  0.018772 -0.022915
  0.024472 -0.025893
  0.030904 -0.028783
  0.038060 -0.031580
  0.045928 -0.034276
  0.054497 -0.036867
  0.063752 -0.039345
  0.073680 -0.041705
  0.084265 -0.043942
  0.095492 -0.046049
  0.107342 -0.048021
  0.119797 -0.049854
  0.132839 -0.051542
  0.146447 -0.053083
  0.160600 -0.054472
  0.175276 -0.055708
  0.190453 -0.056788
  0.206107 -0.057712
  0.222215 -0.058478
  0.238751 -0.059088
  0.255689 -0.059542
  0.273005 -0.059841
  0.290670 -0.059989
  0.308658 -0.059988
  0.326941 -0.059843
  0.345492 -0.059557
  0.364280 -0.059135
  0.383277 -0.058582
  0.402455 -0.057905
  0.421783 -0.057108
  0.441231 -0.056199
  0.460770 -0.055184
  0.480370 -0.054069
  0.500000 -0.052862
  0.519630 -0.051568
  0.539230 -0.050196
  0.558769 -0.048752
  0.578217 -0.047242
  0.597545 -0.045674
  0.616723 -0.044055
  0.635720 -0.042390
  0.654508 -0.040686
  0.673059 -0.038950
  0.691342 -0.037188
  0.709330 -0.035406
  0.726995 -0.033610
  0.744311 -0.031806
  0.761249 -0.030000
  0.777785 -0.028198
  0.793893 -0.026405
  0.809547 -0.024626
  0.824724 -0.022869
  0.839400 -0.021138
  0.853553 -0.019438
  0.867161 -0.017777
  0.880203 -0.016158
  0.892658 -0.014587
  0.904508 -0.013071
  0.915735 -0.011614
  0.926320 -0.010221
  0.936248 -0.008899
  0.945503 -0.007651
  0.954072 -0.006483
  0.961940 -0.005399
  0.969096 -0.004404
  0.975528 -0.003501
  0.981228 -0.002696
  0.986185 -0.001990
  0.990393 -0.001388
  0.993844 -0.000891
  0.996534 -0.000503
  0.998459 -0.000224
  0.999615 -0.000056
  1.000000  0.000000