NACA 0012 Airfoil M=0.0% P=0.0% T=12.0%
  1.000000 -0.000000
  0.997261  0.000397
  0.989074  0.001577
  0.975528  0.003501
  0.956773  0.006112
  0.933013  0.009332
  0.904508  0.013071
  0.871572  0.017232
  0.834565  0.021712
  0.793893  0.026405
  0.750000  0.031204
  0.703368  0.036002
  0.654508  0.040686
  0.603956  0.045140
  0.552264  0.049241
  0.500000  0.052862
  0.447736  0.055872
  0.396044  0.058144
  0.345492  0.059557
  0.296632  0.060005
  0.250000  0.059407
  0.206107  0.057712
  0.165435  0.054901
  0.128428  0.050995
  0.095492  0.046049
  0.066987  0.040145
  0.043227  0.033389
  0.024472  0.025893
  0.010926  0.017770
  0.002739  0.009114
  0.000000  0.000000
  0.002739 -0.009114
  0.010926 -0.017770
  0.024472 -0.025893
  0.043227 -0.033389
  0.066987 -0.040145
  0.095492 -0.046049
  0.128428 -0.050995
  0.165435 -0.054901
  0.206107 -0.057712
  0.250000 -0.059407
  0.296632 -0.060005
  0.345492 -0.059557
  0.396044 -0.058144
  0.447736 -0.055872
  0.500000 -0.052862
  0.552264 -0.049241
  0.603956 -0.045140
  0.654508 -0.040686
  0.703368 -0.036002
  0.750000 -0.031204
  0.793893 -0.026405
  0.834565 -0.021712
  0.871572 -0.017232
  0.904508 -0.013071
  0.933013 -0.009332
  0.956773 -0.006112
  0.975528 -0.003501
  0.989074 -0.001577
  0.997261 -0.000397
  1.000000  0.000000