NACA 0012 Airfoil M=0.0% P=0.0% T=12.0%
  1.000000 -0.000000
  0.996057  0.000572
  0.984292  0.002260
  0.964888  0.004990
  0.938153  0.008643
  0.904508  0.013071
  0.864484  0.018106
  0.818712  0.023569
  0.767913  0.029279
  0.712890  0.035048
  0.654508  0.040686
  0.593691  0.045992
  0.531395  0.050754
  0.468605  0.054749
  0.406309  0.057755
  0.345492  0.059557
  0.287110  0.059971
  0.232087  0.058863
  0.181288  0.056159
  0.135516  0.051862
  0.095492  0.046049
  0.061847  0.038859
  0.035112  0.030473
  0.015708  0.021088
  0.003943  0.010884
  0.000000  0.000000
  0.003943 -0.010884
  0.015708 -0.021088
  0.035112 -0.030473
  0.061847 -0.038859
  0.095492 -0.046049
  0.135516 -0.051862
  0.181288 -0.056159
  0.232087 -0.058863
  0.287110 -0.059971
  0.345492 -0.059557
  0.406309 -0.057755
  0.468605 -0.054749
  0.531395 -0.050754
  0.593691 -0.045992
  0.654508 -0.040686
  0.712890 -0.035048
  0.767913 -0.029279
  0.818712 -0.023569
  0.864484 -0.018106
  0.904508 -0.013071
  0.938153 -0.008643
  0.964888 -0.004990
  0.984292 -0.002260
  0.996057 -0.000572
  1.000000  0.000000