NACA 0012 Airfoil M=0.0% P=0.0% T=12.0%
  1.000000 -0.000000
  0.999561  0.000064
  0.998246  0.000255
  0.996057  0.000572
  0.992998  0.001013
  0.989074  0.001577
  0.984292  0.002260
  0.978660  0.003059
  0.972188  0.003971
  0.964888  0.004990
  0.956773  0.006112
  0.947856  0.007331
  0.938153  0.008643
  0.927682  0.010041
  0.916461  0.011519
  0.904508  0.013071
  0.891847  0.014690
  0.878498  0.016371
  0.864484  0.018106
  0.849832  0.019888
  0.834565  0.021712
  0.818712  0.023569
  0.802300  0.025454
  0.785357  0.027360
  0.767913  0.029279
  0.750000  0.031204
  0.731648  0.033130
  0.712890  0.035048
  0.693758  0.036952
  0.674286  0.038834
  0.654508  0.040686
  0.634460  0.042502
  0.614175  0.044273
  0.593691  0.045992
  0.573042  0.047651
  0.552264  0.049241
  0.531395  0.050754
  0.510471  0.052182
  0.489529  0.053517
  0.468605  0.054749
  0.447736  0.055872
  0.426958  0.056877
  0.406309  0.057755
  0.385825  0.058499
  0.365540  0.059102
  0.345492  0.059557
  0.325714  0.059857
  0.306242  0.059997
  0.287110  0.059971
  0.268352  0.059776
  0.250000  0.059407
  0.232087  0.058863
  0.214643  0.058140
  0.197700  0.057239
  0.181288  0.056159
  0.165435  0.054901
  0.150168  0.053468
  0.135516  0.051862
  0.121502  0.050087
  0.108153  0.048148
  0.095492  0.046049
  0.083539  0.043797
  0.072318  0.041398
  0.061847  0.038859
  0.052144  0.036186
  0.043227  0.033389
  0.035112  0.030473
  0.027812  0.027446
  0.021340  0.024315
  0.015708  0.021088
  0.010926  0.017770
  0.007002  0.014367
  0.003943  0.010884
  0.001754  0.007327
  0.000439  0.003697
  0.000000  0.000000
  0.000439 -0.003697
  0.001754 -0.007327
  0.003943 -0.010884
  0.007002 -0.014367
  0.010926 -0.017770
  0.015708 -0.021088
  0.021340 -0.024315
  0.027812 -0.027446
  0.035112 -0.030473
  0.043227 -0.033389
  0.052144 -0.036186
  0.061847 -0.038859
  0.072318 -0.041398
  0.083539 -0.043797
  0.095492 -0.046049
  0.108153 -0.048148
  0.121502 -0.050087
  0.135516 -0.051862
  0.150168 -0.053468
  0.165435 -0.054901
  0.181288 -0.056159
  0.197700 -0.057239
  0.214643 -0.058140
  0.232087 -0.058863
  0.250000 -0.059407
  0.268352 -0.059776
  0.287110 -0.059971
  0.306242 -0.059997
  0.325714 -0.059857
  0.345492 -0.059557
  0.365540 -0.059102
  0.385825 -0.058499
  0.406309 -0.057755
  0.426958 -0.056877
  0.447736 -0.055872
  0.468605 -0.054749
  0.489529 -0.053517
  0.510471 -0.052182
  0.531395 -0.050754
  0.552264 -0.049241
  0.573042 -0.047651
  0.593691 -0.045992
  0.614175 -0.044273
  0.634460 -0.042502
  0.654508 -0.040686
  0.674286 -0.038834
  0.693758 -0.036952
  0.712890 -0.035048
  0.731648 -0.033130
  0.750000 -0.031204
  0.767913 -0.029279
  0.785357 -0.027360
  0.802300 -0.025454
  0.818712 -0.023569
  0.834565 -0.021712
  0.849832 -0.019888
  0.864484 -0.018106
  0.878498 -0.016371
  0.891847 -0.014690
  0.904508 -0.013071
  0.916461 -0.011519
  0.927682 -0.010041
  0.938153 -0.008643
  0.947856 -0.007331
  0.956773 -0.006112
  0.964888 -0.004990
  0.972188 -0.003971
  0.978660 -0.003059
  0.984292 -0.002260
  0.989074 -0.001577
  0.992998 -0.001013
  0.996057 -0.000572
  0.998246 -0.000255
  0.999561 -0.000064
  1.000000  0.000000